0.376041 
0.358003 
0.385798 
0.409834 
0.398571 
0.365011 
0.383971 
0.421385 
0.394981 
0.385083 
0.411686 
0.446238 
0.420146 
0.404910 
0.420969 
0.409350 
0.393386 
0.419450 
0.427536 
0.415487 
0.364485 
0.346850 
0.369547 
0.381769 
0.413789 
0.402247 
0.406098 
0.401765 
0.406715 
0.410355 
0.157158 
0.142393 
0.163733 
0.124218 
0.160730 
0.178315 
0.161907 
0.168084 
0.189748 
0.161981 
0.132174 
0.200000 
0.181218 
0.160122 
0.183870 
0.386685 
0.380864 
0.412527 
0.435475 
0.439317 
0.395817 
0.402725 
0.415516 
0.443419 
0.442748 
0.439730 
0.474663 
0.459373 
0.430097 
0.397194 
0.405692 
0.426406 
0.449040 
0.424880 
0.385064 
0.352435 
0.374945 
0.371372 
0.374762 
0.390737 
0.399843 
0.394258 
0.348219 
0.385212 
0.430909 
0.383798 
0.395898 
0.411459 
0.428061 
0.403519 
0.397481 
0.394384 
0.425440 
0.395706 
0.389549 
0.396143 
0.430422 
0.409421 
0.417479 
0.416795 
0.413137 
0.401311 
0.416949 
0.421598 
0.419162 
0.403272 
0.391141 
0.375316 
0.366827 
0.391546 
0.383261 
0.377971 
0.400899 
0.424720 
0.428420 
0.162850 
0.148697 
0.170904 
0.127928 
0.152488 
0.168678 
0.148718 
0.189740 
0.167678 
0.155571 
0.129540 
0.166823 
0.183730 
0.163981 
0.185590 
0.374913 
0.389759 
0.396091 
0.416251 
0.419030 
0.423372 
0.443605 
0.462445 
0.458879 
0.442181 
0.418437 
0.434481 
0.420678 
0.406313 
0.385828 
0.390592 
0.409347 
0.443498 
0.429992 
0.406571 
0.380204 
0.387209 
0.379737 
0.380230 
0.396825 
0.405546 
0.403119 
0.375568 
0.416590 
0.464126 
0.377358 
0.412252 
0.446294 
0.479542 
0.455966 
0.442106 
0.416540 
0.431112 
0.413805 
0.401134 
0.390655 
0.403556 
0.390716 
0.430313 
0.436617 
0.433073 
0.404906 
0.400340 
0.415286 
0.432494 
0.438631 
0.431451 
0.391956 
0.372623 
0.384905 
0.373424 
0.363120 
0.400690 
0.437978 
0.441521 
0.176774 
0.149003 
0.174087 
0.132269 
0.137750 
0.161589 
0.143301 
0.197238 
0.151383 
0.125055 
0.145685 
0.133483 
0.170078 
0.180458 
0.151297 
0.394574 
0.417771 
0.402736 
0.413485 
0.416975 
0.443735 
0.458649 
0.460490 
0.461304 
0.427494 
0.406282 
0.386504 
0.412001 
0.416576 
0.397498 
0.384828 
0.399088 
0.435587 
0.417818 
0.401113 
0.397800 
0.404989 
0.391834 
0.392526 
0.403487 
0.426288 
0.417935 
0.404677 
0.440494 
0.482243 
0.392990 
0.429252 
0.461936 
0.482153 
0.468834 
0.456397 
0.408262 
0.385854 
0.391178 
0.411409 
0.422009 
0.415520 
0.415538 
0.458497 
0.480244 
0.470445 
0.426917 
0.415109 
0.435908 
0.452381 
0.449090 
0.437201 
0.425110 
0.406960 
0.410674 
0.398620 
0.399820 
0.435346 
0.444242 
0.461748 
0.160816 
0.122898 
0.184092 
0.138498 
0.117513 
0.144734 
0.144886 
0.170923 
0.161358 
0.110273 
0.176513 
0.126376 
0.129792 
0.154326 
0.103306 
0.406995 
0.430278 
0.434103 
0.445540 
0.443415 
0.432725 
0.401695 
0.397297 
0.425743 
0.423916 
0.414743 
0.386810 
0.406665 
0.417857 
0.427447 
0.428870 
0.447061 
0.453849 
0.429099 
0.391822 
0.401981 
0.424908 
0.429259 
0.423403 
0.430061 
0.433927 
0.435627 
0.434273 
0.448269 
0.443314 
0.415241 
0.421460 
0.453448 
0.474056 
0.482198 
0.470181 
0.434728 
0.390808 
0.400621 
0.429367 
0.456780 
0.416278 
0.395837 
0.426252 
0.469660 
0.485432 
0.436901 
0.415946 
0.425423 
0.442457 
0.430474 
0.420220 
0.431331 
0.423246 
0.418208 
0.417439 
0.423650 
0.445631 
0.441593 
0.461839 
0.167715 
0.100749 
0.155320 
0.134332 
0.129575 
0.153647 
0.139822 
0.161030 
0.140851 
0.101217 
0.185803 
0.140018 
0.122165 
0.149160 
0.100000 
0.423450 
0.442357 
0.470155 
0.463521 
0.453105 
0.425367 
0.383205 
0.362364 
0.409855 
0.410044 
0.410646 
0.368049 
0.392307 
0.417172 
0.429889 
0.420396 
0.418992 
0.408780 
0.402807 
0.383359 
0.408824 
0.441397 
0.440592 
0.448056 
0.433963 
0.448230 
0.448330 
0.454384 
0.443186 
0.418926 
0.472119 
0.442755 
0.432642 
0.417097 
0.439652 
0.450696 
0.423122 
0.386402 
0.387453 
0.435339 
0.481393 
0.445151 
0.424733 
0.417774 
0.442669 
0.444641 
0.434326 
0.441584 
0.437302 
0.422521 
0.399509 
0.390730 
0.398838 
0.399602 
0.408245 
0.438146 
0.459378 
0.478790 
0.467283 
0.462678 
0.163327 
0.100000 
0.145494 
0.110395 
0.148194 
0.172342 
0.146957 
0.173466 
0.114535 
0.139131 
0.168214 
0.134252 
0.124318 
0.127662 
0.139057 
0.418949 
0.433371 
0.449946 
0.453394 
0.436789 
0.422876 
0.382045 
0.392760 
0.406042 
0.409861 
0.390407 
0.370954 
0.373513 
0.390899 
0.402734 
0.395350 
0.394669 
0.391765 
0.402868 
0.400371 
0.419734 
0.438777 
0.448521 
0.461809 
0.451013 
0.455337 
0.460169 
0.464915 
0.431630 
0.392126 
0.457414 
0.427511 
0.422512 
0.438989 
0.460566 
0.468365 
0.424903 
0.407722 
0.388793 
0.424279 
0.447887 
0.446061 
0.446041 
0.436723 
0.441321 
0.442271 
0.466744 
0.474675 
0.441193 
0.417140 
0.389903 
0.392924 
0.387504 
0.384643 
0.374329 
0.409971 
0.453943 
0.494103 
0.476951 
0.441977 
0.174649 
0.140935 
0.151235 
0.102646 
0.176743 
0.169532 
0.174206 
0.176909 
0.100000 
0.156348 
0.148215 
0.152297 
0.110453 
0.168011 
0.155734 
0.413352 
0.415380 
0.407443 
0.428114 
0.400431 
0.411182 
0.396082 
0.437186 
0.438984 
0.416938 
0.374532 
0.353453 
0.373424 
0.411646 
0.396628 
0.379040 
0.369462 
0.399038 
0.405763 
0.420265 
0.427558 
0.433214 
0.417381 
0.442549 
0.456095 
0.480335 
0.473463 
0.443623 
0.412371 
0.386219 
0.437241 
0.396008 
0.395646 
0.412941 
0.458555 
0.447425 
0.400631 
0.409669 
0.412755 
0.433432 
0.435620 
0.449856 
0.476109 
0.450697 
0.432756 
0.407262 
0.453705 
0.486073 
0.459102 
0.411631 
0.360408 
0.375184 
0.374822 
0.367947 
0.362913 
0.395106 
0.442580 
0.458239 
0.444139 
0.425300 
0.176294 
0.157976 
0.161570 
0.132232 
0.162641 
0.160721 
0.171027 
0.177019 
0.115473 
0.167242 
0.145670 
0.145779 
0.100000 
0.154025 
0.147904 
0.397313 
0.385118 
0.349310 
0.391525 
0.388851 
0.409364 
0.392981 
0.431699 
0.459438 
0.435443 
0.385558 
0.365142 
0.399103 
0.436988 
0.413004 
0.395719 
0.392338 
0.430174 
0.422254 
0.425802 
0.422454 
0.432501 
0.420450 
0.444962 
0.471689 
0.486801 
0.465556 
0.432171 
0.400227 
0.367095 
0.420519 
0.406004 
0.418853 
0.426258 
0.465639 
0.456414 
0.425298 
0.429478 
0.441400 
0.430411 
0.410776 
0.433547 
0.461905 
0.445726 
0.427053 
0.419598 
0.457917 
0.456155 
0.442360 
0.412575 
0.368322 
0.385010 
0.392000 
0.390922 
0.357638 
0.364561 
0.398005 
0.411032 
0.398635 
0.397727 
0.178856 
0.152595 
0.163865 
0.174008 
0.145065 
0.131575 
0.170822 
0.173649 
0.147032 
0.151890 
0.145492 
0.157089 
0.114728 
0.164308 
0.148832 
0.398083 
0.385491 
0.364725 
0.384812 
0.397312 
0.412568 
0.411912 
0.431220 
0.468106 
0.467599 
0.405227 
0.404501 
0.424202 
0.465594 
0.434562 
0.404567 
0.396080 
0.416355 
0.418121 
0.425281 
0.424862 
0.426429 
0.410681 
0.415078 
0.451845 
0.474526 
0.458719 
0.433043 
0.405617 
0.384753 
0.447281 
0.435995 
0.432658 
0.419382 
0.441642 
0.439691 
0.417537 
0.427542 
0.434045 
0.428259 
0.430440 
0.446804 
0.450720 
0.433269 
0.416900 
0.395633 
0.399711 
0.400065 
0.435309 
0.417660 
0.372881 
0.366879 
0.360230 
0.378878 
0.360860 
0.379610 
0.391133 
0.372099 
0.367203 
0.370347 
0.176647 
0.134244 
0.128855 
0.157605 
0.131635 
0.134615 
0.148189 
0.170684 
0.172787 
0.142356 
0.141753 
0.157416 
0.160557 
0.161158 
0.168737 
0.400493 
0.396768 
0.393135 
0.406953 
0.401297 
0.412147 
0.437269 
0.462193 
0.492637 
0.492172 
0.439364 
0.428512 
0.440683 
0.435973 
0.423924 
0.393203 
0.409534 
0.411296 
0.413448 
0.414899 
0.412794 
0.416355 
0.421705 
0.417850 
0.453268 
0.469613 
0.486144 
0.465499 
0.432179 
0.396664 
0.476883 
0.483762 
0.454821 
0.444869 
0.441353 
0.462908 
0.449281 
0.440219 
0.426064 
0.419360 
0.430469 
0.442852 
0.429199 
0.425515 
0.430972 
0.413205 
0.390362 
0.375256 
0.424117 
0.420462 
0.401333 
0.383148 
0.374078 
0.387565 
0.383211 
0.412264 
0.420089 
0.398812 
0.386881 
0.346835 
0.162020 
0.117360 
0.100000 
0.135616 
0.122402 
0.127021 
0.128853 
0.155563 
0.175017 
0.123104 
0.130401 
0.151873 
0.183437 
0.156399 
0.183807 
0.424086 
0.411287 
0.408109 
0.419003 
0.410659 
0.397637 
0.424311 
0.441637 
0.465178 
0.460496 
0.442543 
0.448939 
0.459976 
0.432654 
0.407315 
0.378514 
0.394397 
0.391142 
0.396940 
0.414260 
0.409527 
0.402558 
0.389536 
0.399179 
0.437745 
0.471243 
0.478042 
0.458845 
0.441558 
0.439882 
0.446328 
0.447754 
0.427526 
0.437753 
0.421592 
0.438179 
0.431728 
0.456593 
0.442029 
0.433042 
0.417791 
0.414288 
0.405629 
0.409451 
0.426727 
0.418995 
0.383599 
0.377398 
0.400361 
0.402799 
0.398500 
0.387400 
0.379623 
0.371221 
0.391801 
0.424820 
0.436328 
0.410378 
0.412613 
0.379602 
0.152319 
0.136856 
0.105893 
0.132816 
0.100000 
0.122657 
0.100000 
0.126172 
0.166486 
0.109553 
0.132856 
0.153547 
0.173677 
0.150417 
0.190651 
0.413012 
0.422269 
0.424837 
0.445374 
0.412730 
0.386470 
0.404215 
0.428704 
0.459898 
0.422781 
0.409848 
0.390524 
0.414933 
0.400237 
0.407613 
0.394560 
0.414409 
0.395183 
0.402718 
0.421333 
0.428858 
0.431405 
0.399412 
0.421205 
0.430964 
0.469458 
0.471227 
0.452264 
0.432491 
0.423627 
0.429281 
0.427010 
0.409880 
0.399500 
0.402214 
0.421605 
0.442766 
0.449921 
0.448419 
0.417197 
0.402178 
0.390323 
0.396152 
0.388647 
0.404881 
0.406745 
0.381532 
0.390374 
0.395371 
0.406035 
0.404289 
0.417128 
0.419466 
0.387539 
0.394861 
0.412479 
0.441033 
0.440241 
0.444785 
0.413173 
0.139344 
0.129089 
0.135238 
0.162567 
0.102139 
0.132733 
0.112602 
0.122314 
0.151098 
0.100335 
0.137668 
0.157153 
0.151371 
0.156795 
0.197367 
0.413775 
0.435824 
0.439757 
0.434199 
0.421786 
0.388829 
0.397814 
0.397075 
0.409463 
0.391022 
0.391948 
0.404048 
0.415377 
0.413068 
0.417618 
0.404562 
0.407164 
0.379367 
0.403665 
0.414237 
0.430513 
0.408165 
0.382868 
0.386495 
0.406075 
0.441002 
0.437236 
0.426799 
0.423599 
0.432624 
0.374578 
0.385520 
0.402650 
0.386419 
0.393624 
0.413394 
0.433696 
0.440562 
0.436579 
0.418434 
0.409718 
0.389810 
0.395075 
0.387542 
0.409541 
0.422556 
0.418119 
0.424299 
0.409213 
0.429685 
0.418448 
0.443389 
0.423537 
0.407061 
0.391914 
0.399092 
0.431645 
0.457696 
0.471083 
0.472349 
0.133858 
0.155993 
0.178989 
0.200000 
0.114257 
0.137145 
0.141219 
0.141521 
0.176722 
0.122617 
0.146087 
0.179772 
0.134343 
0.153090 
0.186793 
0.416214 
0.459298 
0.464704 
0.444031 
0.430557 
0.426538 
0.428707 
0.416994 
0.400099 
0.397651 
0.387026 
0.387272 
0.386543 
0.400556 
0.441970 
0.432717 
0.429348 
0.394598 
0.415475 
0.421861 
0.429514 
0.407374 
0.402653 
0.405413 
0.433070 
0.428778 
0.422355 
0.396245 
0.403576 
0.404445 
0.403498 
0.413323 
0.424248 
0.414634 
0.410259 
0.434195 
0.453496 
0.432361 
0.408449 
0.404883 
0.410427 
0.388970 
0.380121 
0.377703 
0.399197 
0.405397 
0.417076 
0.438779 
0.442036 
0.471480 
0.452656 
0.463399 
0.434234 
0.429124 
0.399269 
0.401305 
0.412680 
0.449494 
0.440289 
0.446406 
0.131483 
0.147021 
0.165139 
0.183403 
0.163152 
0.139028 
0.150869 
0.170742 
0.171358 
0.147550 
0.150731 
0.177636 
0.140743 
0.144400 
0.166238 
0.431655 
0.453257 
0.452048 
0.425715 
0.423051 
0.444544 
0.438648 
0.410076 
0.373001 
0.394821 
0.412850 
0.425641 
0.424057 
0.427029 
0.453359 
0.429685 
0.414957 
0.399413 
0.429822 
0.440677 
0.417103 
0.394402 
0.404592 
0.414252 
0.450434 
0.413507 
0.408206 
0.374191 
0.405050 
0.415744 
0.435191 
0.409193 
0.404943 
0.421517 
0.424593 
0.439695 
0.439689 
0.437294 
0.422741 
0.441094 
0.426749 
0.410598 
0.385117 
0.407709 
0.403562 
0.399531 
0.394350 
0.418759 
0.438056 
0.479472 
0.477994 
0.464140 
0.439639 
0.427051 
0.409081 
0.391918 
0.395846 
0.422247 
0.421861 
0.436731 
0.147775 
0.176831 
0.169855 
0.179596 
0.171365 
0.115512 
0.137815 
0.198718 
0.185142 
0.158109 
0.157309 
0.174785 
0.145223 
0.121558 
0.154404 
0.416842 
0.431670 
0.435831 
0.431501 
0.436134 
0.452415 
0.424630 
0.401801 
0.381629 
0.411872 
0.415489 
0.435280 
0.429676 
0.446086 
0.463128 
0.434736 
0.419188 
0.402172 
0.427948 
0.444321 
0.422430 
0.424081 
0.418612 
0.442136 
0.451018 
0.424137 
0.410263 
0.388276 
0.414506 
0.431730 
0.469844 
0.414002 
0.396045 
0.412168 
0.415213 
0.394528 
0.406806 
0.413144 
0.421826 
0.416898 
0.411262 
0.405924 
0.401126 
0.417411 
0.395828 
0.358148 
0.350652 
0.384479 
0.446067 
0.463159 
0.456479 
0.433397 
0.443952 
0.445440 
0.452097 
0.425843 
0.403822 
0.388759 
0.400786 
0.410890 
0.142042 
0.175852 
0.170957 
0.160561 
0.162420 
0.111415 
0.134467 
0.200000 
0.166952 
0.161594 
0.142642 
0.140617 
0.138116 
0.108846 
0.154789 
0.422312 
0.424618 
0.430376 
0.413743 
0.415165 
0.415149 
0.412361 
0.415364 
0.398283 
0.415417 
0.385185 
0.420966 
0.426892 
0.464157 
0.464606 
0.433783 
0.407689 
0.401344 
0.432024 
0.446779 
0.414510 
0.415318 
0.412980 
0.435144 
0.425291 
0.414963 
0.425437 
0.416832 
0.426555 
0.423542 
0.452740 
0.398436 
0.381459 
0.405272 
0.438222 
0.391892 
0.390663 
0.391061 
0.441648 
0.433381 
0.422146 
0.413255 
0.412897 
0.424546 
0.405622 
0.373577 
0.383041 
0.408392 
0.467023 
0.453139 
0.436475 
0.405178 
0.427554 
0.436334 
0.448551 
0.429416 
0.423062 
0.410023 
0.420606 
0.406181 
0.130593 
0.169943 
0.192660 
0.174728 
0.147981 
0.120168 
0.128530 
0.181114 
0.167543 
0.160258 
0.148765 
0.129917 
0.128134 
0.122411 
0.178570 
0.402434 
0.409784 
0.430468 
0.422050 
0.439381 
0.421064 
0.424144 
0.414897 
0.408599 
0.411556 
0.379796 
0.404895 
0.404895 
0.441908 
0.455570 
0.447671 
0.427999 
0.401437 
0.409255 
0.396448 
0.377669 
0.392891 
0.400228 
0.426937 
0.419776 
0.427630 
0.417922 
0.411238 
0.408723 
0.412903 
0.433266 
0.405903 
0.398302 
0.421474 
0.450506 
0.402682 
0.376735 
0.374440 
0.428762 
0.426802 
0.402811 
0.392225 
0.403256 
0.414956 
0.420669 
0.401392 
0.427288 
0.433474 
0.470443 
0.445642 
0.400391 
0.372105 
0.369944 
0.409248 
0.432201 
0.426631 
0.414333 
0.399457 
0.425570 
0.406449 
0.100000 
0.179171 
0.181915 
0.151303 
0.140116 
0.131610 
0.142259 
0.135956 
0.140361 
0.162434 
0.162232 
0.137163 
0.125775 
0.126462 
0.200000 
0.404465 
0.408965 
0.431001 
0.427729 
0.436620 
0.431479 
0.438050 
0.450417 
0.431277 
0.412339 
0.369708 
0.377364 
0.395870 
0.416269 
0.444888 
0.446564 
0.428050 
0.395330 
0.396814 
0.402278 
0.412774 
0.413370 
0.413010 
0.410076 
0.425180 
0.426498 
0.409832 
0.396970 
0.389451 
0.392160 
0.408941 
0.404844 
0.412939 
0.439586 
0.455743 
0.431860 
0.406222 
0.410878 
0.429091 
0.435741 
0.400622 
0.396799 
0.395590 
0.417638 
0.417748 
0.410302 
0.424386 
0.442894 
0.454550 
0.461319 
0.417237 
0.385043 
0.357233 
0.397938 
0.409891 
0.405042 
0.389316 
0.408873 
0.420666 
0.410047 
0.111426 
0.147971 
0.144316 
0.162325 
0.179155 
0.140123 
0.153442 
0.131419 
0.145966 
0.144540 
0.182367 
0.165610 
0.134533 
0.144960 
0.170871 
0.405252 
0.419545 
0.440119 
0.456865 
0.434942 
0.443726 
0.446776 
0.483105 
0.467003 
0.441496 
0.409096 
0.404174 
0.409210 
0.411342 
0.428029 
0.413645 
0.399594 
0.374816 
0.403787 
0.407808 
0.438205 
0.427465 
0.432320 
0.426797 
0.452478 
0.439157 
0.397510 
0.386351 
0.399303 
0.422579 
0.412769 
0.404424 
0.407231 
0.424382 
0.430543 
0.442012 
0.416152 
0.450602 
0.446302 
0.449456 
0.421599 
0.414547 
0.416209 
0.421796 
0.423330 
0.411530 
0.403241 
0.423828 
0.421556 
0.460090 
0.430970 
0.425130 
0.393221 
0.413650 
0.413075 
0.384974 
0.356680 
0.367817 
0.392779 
0.415179 
0.116630 
0.154269 
0.144535 
0.165121 
0.180187 
0.139080 
0.159668 
0.141847 
0.162866 
0.143808 
0.169168 
0.162178 
0.141235 
0.109874 
0.157771 
0.392553 
0.428894 
0.433233 
0.452926 
0.407960 
0.428345 
0.428551 
0.477971 
0.478076 
0.455595 
0.418053 
0.408104 
0.421289 
0.421186 
0.412633 
0.399246 
0.375797 
0.390899 
0.430440 
0.462913 
0.472639 
0.430515 
0.425789 
0.410338 
0.426786 
0.424206 
0.396018 
0.397290 
0.387438 
0.403398 
0.415607 
0.421357 
0.441249 
0.440990 
0.423225 
0.430991 
0.436930 
0.482529 
0.460500 
0.452895 
0.443602 
0.437089 
0.430623 
0.400849 
0.397537 
0.390696 
0.387847 
0.419927 
0.417906 
0.473633 
0.473616 
0.466611 
0.431831 
0.414396 
0.398204 
0.384211 
0.372947 
0.391387 
0.380862 
0.394926 
0.141176 
0.137737 
0.155365 
0.182585 
0.200000 
0.134623 
0.165686 
0.157631 
0.162559 
0.143039 
0.145128 
0.153638 
0.144190 
0.100000 
0.140184 
0.382530 
0.421763 
0.453359 
0.449001 
0.402936 
0.408820 
0.410666 
0.434428 
0.421697 
0.424110 
0.422213 
0.437167 
0.434924 
0.423327 
0.393124 
0.381153 
0.377608 
0.434972 
0.467487 
0.482038 
0.441512 
0.409749 
0.412322 
0.413967 
0.425489 
0.418893 
0.409092 
0.416610 
0.407691 
0.411447 
0.394252 
0.418519 
0.439054 
0.443957 
0.426236 
0.444709 
0.442490 
0.482734 
0.476723 
0.476254 
0.455132 
0.433306 
0.436193 
0.403686 
0.407614 
0.393128 
0.388227 
0.409321 
0.410194 
0.467124 
0.467090 
0.454354 
0.423777 
0.380678 
0.382508 
0.373905 
0.382327 
0.371701 
0.356353 
0.366332 
0.131306 
0.182057 
0.168622 
0.175484 
0.182564 
0.155945 
0.158580 
0.139574 
0.134505 
0.137147 
0.148725 
0.146714 
0.145476 
0.124640 
0.157790 
0.391370 
0.397885 
0.429490 
0.414111 
0.410432 
0.402769 
0.425785 
0.415105 
0.413141 
0.430572 
0.439773 
0.439055 
0.431895 
0.389987 
0.370677 
0.370512 
0.408351 
0.465393 
0.466877 
0.471836 
0.427895 
0.395588 
0.397405 
0.389137 
0.398268 
0.407062 
0.424709 
0.462280 
0.450405 
0.457361 
0.386764 
0.412203 
0.430727 
0.428342 
0.404789 
0.423962 
0.432836 
0.451689 
0.447557 
0.447316 
0.453929 
0.444769 
0.431014 
0.406023 
0.396771 
0.399733 
0.394645 
0.427594 
0.437918 
0.459057 
0.439953 
0.412796 
0.395660 
0.369780 
0.402211 
0.410293 
0.414050 
0.384805 
0.358932 
0.352388 
0.128915 
0.167431 
0.153036 
0.160613 
0.165230 
0.181285 
0.175533 
0.134085 
0.111140 
0.122506 
0.151428 
0.161876 
0.151021 
0.149239 
0.156704 
0.428280 
0.412947 
0.425033 
0.388702 
0.397673 
0.395090 
0.423656 
0.421233 
0.411782 
0.442041 
0.445110 
0.463759 
0.437943 
0.391516 
0.391971 
0.385765 
0.434550 
0.456535 
0.454035 
0.451982 
0.432756 
0.413683 
0.400362 
0.386182 
0.409588 
0.397421 
0.419941 
0.454244 
0.478247 
0.485421 
0.389115 
0.399023 
0.398802 
0.405327 
0.382212 
0.412042 
0.419993 
0.454744 
0.459209 
0.434444 
0.437122 
0.410757 
0.421489 
0.407510 
0.417128 
0.408923 
0.404546 
0.407288 
0.421006 
0.417938 
0.407661 
0.382206 
0.396639 
0.403847 
0.448419 
0.437549 
0.420448 
0.371755 
0.357496 
0.355531 
0.119579 
0.144956 
0.141450 
0.166855 
0.143686 
0.200000 
0.173448 
0.138758 
0.128696 
0.123919 
0.188546 
0.148962 
0.148433 
0.200000 
0.158681 
0.460850 
0.437774 
0.413241 
0.410136 
0.400994 
0.408138 
0.440847 
0.447708 
0.460286 
0.473671 
0.462358 
0.443583 
0.411817 
0.394010 
0.414980 
0.409393 
0.428400 
0.410515 
0.421396 
0.422884 
0.431142 
0.402259 
0.378605 
0.381905 
0.400670 
0.407944 
0.413512 
0.432865 
0.449020 
0.457649 
0.423159 
0.401192 
0.392442 
0.383128 
0.385161 
0.398793 
0.422996 
0.457282 
0.446731 
0.400228 
0.416909 
0.415174 
0.429091 
0.403780 
0.408830 
0.402619 
0.409614 
0.405313 
0.414136 
0.391330 
0.389943 
0.384803 
0.399335 
0.414423 
0.430059 
0.430811 
0.428997 
0.412247 
0.407930 
0.386660 
0.137595 
0.104847 
0.144279 
0.167914 
0.127753 
0.168754 
0.174526 
0.143192 
0.153859 
0.154312 
0.198837 
0.147248 
0.146456 
0.196603 
0.147433 
0.457557 
0.462474 
0.449100 
0.447047 
0.397572 
0.404593 
0.413321 
0.433287 
0.419970 
0.435308 
0.440954 
0.448771 
0.421502 
0.422264 
0.427425 
0.420859 
0.411501 
0.408192 
0.422451 
0.421811 
0.429196 
0.433917 
0.407882 
0.416890 
0.405517 
0.422074 
0.397216 
0.402021 
0.393888 
0.392092 
0.389948 
0.397166 
0.398533 
0.378339 
0.363857 
0.380843 
0.420151 
0.450702 
0.445195 
0.406115 
0.417380 
0.392221 
0.415646 
0.388566 
0.394013 
0.374922 
0.385452 
0.383349 
0.401494 
0.400361 
0.413079 
0.403614 
0.405301 
0.412580 
0.417020 
0.420500 
0.423617 
0.424005 
0.432877 
0.434702 
0.159308 
0.114673 
0.155527 
0.189642 
0.146762 
0.151967 
0.152923 
0.125080 
0.171304 
0.179740 
0.180524 
0.150897 
0.153459 
0.175347 
0.144312 
0.431737 
0.431750 
0.444107 
0.476474 
0.422836 
0.407879 
0.410561 
0.427384 
0.427562 
0.433536 
0.462277 
0.453256 
0.440876 
0.440102 
0.432354 
0.420574 
0.401775 
0.424675 
0.432857 
0.442146 
0.422780 
0.435969 
0.426930 
0.441761 
0.411393 
0.432322 
0.409908 
0.417759 
0.385001 
0.385693 
0.399490 
0.410531 
0.405982 
0.379288 
0.358144 
0.378759 
0.417187 
0.445472 
0.452761 
0.443323 
0.452465 
0.412846 
0.397389 
0.371243 
0.391905 
0.415185 
0.429587 
0.430125 
0.425623 
0.414761 
0.423347 
0.417604 
0.416908 
0.396008 
0.393750 
0.398504 
0.425390 
0.432663 
0.436286 
0.437684 
0.174574 
0.150887 
0.158732 
0.170763 
0.135076 
0.142201 
0.131058 
0.136817 
0.178408 
0.164836 
0.154973 
0.167461 
0.149542 
0.131633 
0.156118 
0.413991 
0.404068 
0.426812 
0.441282 
0.424737 
0.405577 
0.393920 
0.404233 
0.408404 
0.429740 
0.442306 
0.448849 
0.459310 
0.465213 
0.435166 
0.422596 
0.415446 
0.456627 
0.444503 
0.446076 
0.408584 
0.416674 
0.434407 
0.447715 
0.438634 
0.435220 
0.410179 
0.414400 
0.377153 
0.378634 
0.377505 
0.401355 
0.393647 
0.385761 
0.366005 
0.405875 
0.406624 
0.420645 
0.437389 
0.464174 
0.488381 
0.441665 
0.408865 
0.370259 
0.393093 
0.419993 
0.422575 
0.422142 
0.426170 
0.442376 
0.456820 
0.434652 
0.419638 
0.390864 
0.409387 
0.396998 
0.403386 
0.399392 
0.405171 
0.443725 
0.172327 
0.169710 
0.159843 
0.153232 
0.143134 
0.152988 
0.120239 
0.140179 
0.176300 
0.134078 
0.128923 
0.193583 
0.149998 
0.106627 
0.183979 
0.409342 
0.399071 
0.397750 
0.397139 
0.411534 
0.393916 
0.388592 
0.369812 
0.394000 
0.395223 
0.399878 
0.404611 
0.441045 
0.465376 
0.441923 
0.443221 
0.423235 
0.434399 
0.404255 
0.418230 
0.395845 
0.377855 
0.392071 
0.410206 
0.435020 
0.424685 
0.405410 
0.395584 
0.376938 
0.392186 
0.338652 
0.360914 
0.365776 
0.381011 
0.388416 
0.427668 
0.420524 
0.432674 
0.436323 
0.442453 
0.459934 
0.449575 
0.427604 
0.384209 
0.399643 
0.443176 
0.448765 
0.439574 
0.432612 
0.444673 
0.436498 
0.410976 
0.392328 
0.384420 
0.405647 
0.410835 
0.405209 
0.396714 
0.371993 
0.404648 
0.166616 
0.146913 
0.128024 
0.163770 
0.143630 
0.153114 
0.120086 
0.165875 
0.183169 
0.111776 
0.139839 
0.197454 
0.133466 
0.108518 
0.191470 
0.454154 
0.435826 
0.406606 
0.351133 
0.384043 
0.384963 
0.412550 
0.379558 
0.378684 
0.366305 
0.371391 
0.385355 
0.432321 
0.454043 
0.433489 
0.425124 
0.401287 
0.407643 
0.394727 
0.404708 
0.406417 
0.378650 
0.394996 
0.400991 
0.423566 
0.407555 
0.393770 
0.384618 
0.389102 
0.404045 
0.300000 
0.350777 
0.377625 
0.398538 
0.419114 
0.451768 
0.459844 
0.444839 
0.449653 
0.423130 
0.432328 
0.442468 
0.433064 
0.397141 
0.376823 
0.410268 
0.416193 
0.432966 
0.432507 
0.443573 
0.413819 
0.409298 
0.391059 
0.385482 
0.386056 
0.401886 
0.391085 
0.393691 
0.378133 
0.410281 
0.150025 
0.121128 
0.142653 
0.163034 
0.182638 
0.160592 
0.140318 
0.147065 
0.168484 
0.127717 
0.129636 
0.161416 
0.168319 
0.106555 
0.177384 
0.457344 
0.469351 
0.435577 
0.388301 
0.404952 
0.394209 
0.433744 
0.386819 
0.367357 
0.318814 
0.348513 
0.393145 
0.437990 
0.439829 
0.424613 
0.417787 
0.403360 
0.394302 
0.388804 
0.393258 
0.402497 
0.390599 
0.398238 
0.399151 
0.398758 
0.392305 
0.395970 
0.389856 
0.429243 
0.467020 
0.334461 
0.351748 
0.375938 
0.378248 
0.408454 
0.421593 
0.457458 
0.454788 
0.461710 
0.423501 
0.408497 
0.414778 
0.402964 
0.389257 
0.368423 
0.421203 
0.435252 
0.450866 
0.437024 
0.434493 
0.402285 
0.414296 
0.414023 
0.414495 
0.392027 
0.411921 
0.411172 
0.403906 
0.396997 
0.408493 
0.130839 
0.139253 
0.160915 
0.150333 
0.191934 
0.159710 
0.179111 
0.124160 
0.168658 
0.142218 
0.138129 
0.158928 
0.187266 
0.114993 
0.174142 
0.417786 
0.457514 
0.446397 
0.424038 
0.436902 
0.421282 
0.445590 
0.421396 
0.405354 
0.376657 
0.392399 
0.431623 
0.463569 
0.458120 
0.441333 
0.407691 
0.401723 
0.410394 
0.428119 
0.415933 
0.398767 
0.395831 
0.427036 
0.435743 
0.422252 
0.395223 
0.391472 
0.385659 
0.425057 
0.453310 
0.414613 
0.397517 
0.410673 
0.400915 
0.447346 
0.433006 
0.452582 
0.455785 
0.470891 
0.447389 
0.416188 
0.410842 
0.398154 
0.392884 
0.377724 
0.426143 
0.440197 
0.450470 
0.416840 
0.409839 
0.405779 
0.428553 
0.424878 
0.413013 
0.379959 
0.391317 
0.400010 
0.400780 
0.415606 
0.413433 
0.123939 
0.159009 
0.166766 
0.109000 
0.187453 
0.164444 
0.169593 
0.136891 
0.174977 
0.163163 
0.153302 
0.163820 
0.200000 
0.143006 
0.167071 
0.385857 
0.432454 
0.436618 
0.453339 
0.454562 
0.453088 
0.447952 
0.431262 
0.411187 
0.391705 
0.391615 
0.430824 
0.468257 
0.464121 
0.430848 
0.392548 
0.392841 
0.418486 
0.417651 
0.414476 
0.379344 
0.386495 
0.415757 
0.433076 
0.438998 
0.406722 
0.395286 
0.371908 
0.407581 
0.435606 
0.429397 
0.397116 
0.405460 
0.400862 
0.456333 
0.440374 
0.443868 
0.432629 
0.431266 
0.433462 
0.403225 
0.399842 
0.391314 
0.401449 
0.397265 
0.422323 
0.434826 
0.425315 
0.402149 
0.391818 
0.403115 
0.403483 
0.401801 
0.412422 
0.412056 
0.413640 
0.407972 
0.389320 
0.406301 
0.412623 
0.126737 
0.160964 
0.143191 
0.107343 
0.166473 
0.142669 
0.183002 
0.125398 
0.169092 
0.176077 
0.133635 
0.185298 
0.183306 
0.146450 
0.192356 
0.380796 
0.409239 
0.409912 
0.418230 
0.407449 
0.426321 
0.442237 
0.445891 
0.435711 
0.430017 
0.430420 
0.439074 
0.462125 
0.462898 
0.438395 
0.403896 
0.394692 
0.410322 
0.409808 
0.422712 
0.412856 
0.422872 
0.434734 
0.430729 
0.414950 
0.387877 
0.365711 
0.365365 
0.363113 
0.367649 
0.452139 
0.431118 
0.427919 
0.426811 
0.468103 
0.449206 
0.440982 
0.408316 
0.418693 
0.433255 
0.419477 
0.412029 
0.394782 
0.403454 
0.396595 
0.421342 
0.419504 
0.393308 
0.368066 
0.350940 
0.378948 
0.371977 
0.385598 
0.407813 
0.422453 
0.422838 
0.411641 
0.396266 
0.410255 
0.402694 
0.632960 
0.638999 
0.643815 
0.650000 
0.635755 
0.620928 
0.626429 
0.615121 
0.618560 
0.600000 
0.619618 
0.621677 
0.632642 
0.622166 
0.618879 
0.405188 
0.396848 
0.397619 
0.426254 
0.417965 
0.430285 
0.449576 
0.441378 
0.435547 
0.406526 
0.427078 
0.431640 
0.447120 
0.442217 
0.413614 
0.405674 
0.391532 
0.387680 
0.366982 
0.410363 
0.433101 
0.441482 
0.419885 
0.412288 
0.412059 
0.418935 
0.405942 
0.405511 
0.387629 
0.393869 
0.470779 
0.460516 
0.423854 
0.409691 
0.425511 
0.448796 
0.446159 
0.396606 
0.387849 
0.414023 
0.427288 
0.421471 
0.410066 
0.402073 
0.402037 
0.401150 
0.412117 
0.383680 
0.382066 
0.371086 
0.387998 
0.381958 
0.402106 
0.430631 
0.455362 
0.458762 
0.451051 
0.402765 
0.417770 
0.430014 
0.642382 
0.650000 
0.641150 
0.643113 
0.610285 
0.600000 
0.616697 
0.626877 
0.634230 
0.626471 
0.617763 
0.618725 
0.622721 
0.633150 
0.632481 
0.409742 
0.399355 
0.411547 
0.441290 
0.447654 
0.440935 
0.429846 
0.401929 
0.408654 
0.417409 
0.458332 
0.461368 
0.440070 
0.427242 
0.397599 
0.418565 
0.415070 
0.381366 
0.350453 
0.377917 
0.433201 
0.416213 
0.374734 
0.381349 
0.397859 
0.436070 
0.410808 
0.440451 
0.418874 
0.425910 
0.484177 
0.472614 
0.422239 
0.398458 
0.397056 
0.428999 
0.419662 
0.387662 
0.378341 
0.409416 
0.426876 
0.433039 
0.420703 
0.415845 
0.413019 
0.418942 
0.423851 
0.420456 
0.427380 
0.421510 
0.424895 
0.403019 
0.417974 
0.436056 
0.459196 
0.446801 
0.447191 
0.417819 
0.443433 
0.436994 
0.650000 
0.634705 
0.619932 
0.627112 
0.614848 
0.605211 
0.600000 
0.607540 
0.614578 
0.618416 
0.633460 
0.643538 
0.648449 
0.634213 
0.625406 
0.421315 
0.402768 
0.437678 
0.460309 
0.499944 
0.485514 
0.436800 
0.391854 
0.414549 
0.453289 
0.493309 
0.482704 
0.463135 
0.430090 
0.410168 
0.426089 
0.437448 
0.404222 
0.381113 
0.392288 
0.431830 
0.403328 
0.374871 
0.366967 
0.394437 
0.419931 
0.427300 
0.432602 
0.445181 
0.461423 
0.477011 
0.483595 
0.444444 
0.418221 
0.388356 
0.411658 
0.389894 
0.378781 
0.371843 
0.415651 
0.438227 
0.447305 
0.434854 
0.453189 
0.447265 
0.437683 
0.417655 
0.439144 
0.459047 
0.464913 
0.436728 
0.411663 
0.418106 
0.430112 
0.442261 
0.428349 
0.446852 
0.425308 
0.454537 
0.447183 
0.650000 
0.635888 
0.620066 
0.630784 
0.631575 
0.644726 
0.634724 
0.626569 
0.608461 
0.600000 
0.618491 
0.631848 
0.638580 
0.629412 
0.623270 
0.419843 
0.406666 
0.435761 
0.431812 
0.463455 
0.461003 
0.438917 
0.400702 
0.426963 
0.479701 
0.495634 
0.480127 
0.456125 
0.446298 
0.428796 
0.409304 
0.430897 
0.404207 
0.399743 
0.370684 
0.396118 
0.384319 
0.372711 
0.357135 
0.371108 
0.392058 
0.422554 
0.432221 
0.448166 
0.449896 
0.447465 
0.455518 
0.436832 
0.435677 
0.403961 
0.409943 
0.381243 
0.374045 
0.377415 
0.420584 
0.447920 
0.465311 
0.425690 
0.456588 
0.440398 
0.445176 
0.409325 
0.445194 
0.471470 
0.483055 
0.436163 
0.423852 
0.426580 
0.421887 
0.402091 
0.366482 
0.409034 
0.427089 
0.474771 
0.437646 
0.624430 
0.612693 
0.601612 
0.600000 
0.637732 
0.650000 
0.648486 
0.615345 
0.612345 
0.615333 
0.626212 
0.630251 
0.626574 
0.632550 
0.639430 
0.416772 
0.406936 
0.417666 
0.401402 
0.420363 
0.436364 
0.445348 
0.426603 
0.438990 
0.474558 
0.469750 
0.449482 
0.434992 
0.463207 
0.478274 
0.445212 
0.445540 
0.426600 
0.431540 
0.408867 
0.413668 
0.431229 
0.439692 
0.416443 
0.410699 
0.407350 
0.439842 
0.430294 
0.444026 
0.443368 
0.438329 
0.452451 
0.451088 
0.454156 
0.415070 
0.405104 
0.389953 
0.399099 
0.404160 
0.422677 
0.448617 
0.464476 
0.422779 
0.440935 
0.410820 
0.422348 
0.390704 
0.416785 
0.442579 
0.464092 
0.421205 
0.418690 
0.420332 
0.433027 
0.399599 
0.382227 
0.406707 
0.423353 
0.465618 
0.453561 
0.624749 
0.627285 
0.632163 
0.603381 
0.600000 
0.605566 
0.630792 
0.622641 
0.613002 
0.621931 
0.633128 
0.650000 
0.636512 
0.637224 
0.628053 
0.400931 
0.403541 
0.399958 
0.385465 
0.385032 
0.392496 
0.421282 
0.412363 
0.428331 
0.450090 
0.428768 
0.417770 
0.401054 
0.448641 
0.447333 
0.424822 
0.420770 
0.416487 
0.420344 
0.412496 
0.410764 
0.442165 
0.450609 
0.439934 
0.424801 
0.444700 
0.462579 
0.460028 
0.431379 
0.421703 
0.431523 
0.435430 
0.433637 
0.415109 
0.384179 
0.380896 
0.410659 
0.438327 
0.435985 
0.425976 
0.439866 
0.452920 
0.411978 
0.420003 
0.398719 
0.422176 
0.404293 
0.436735 
0.452920 
0.465279 
0.423195 
0.421043 
0.415605 
0.415785 
0.392936 
0.387475 
0.430222 
0.452405 
0.477385 
0.439796 
0.628728 
0.623257 
0.621516 
0.622224 
0.636266 
0.616013 
0.603559 
0.600000 
0.633668 
0.650000 
0.641496 
0.622437 
0.631088 
0.623788 
0.627095 
0.409834 
0.412456 
0.402833 
0.405738 
0.401592 
0.429174 
0.442573 
0.428355 
0.399652 
0.418790 
0.422221 
0.419515 
0.410491 
0.447622 
0.464922 
0.447987 
0.440148 
0.440174 
0.459529 
0.449160 
0.443813 
0.450474 
0.468558 
0.466878 
0.463846 
0.456947 
0.455151 
0.438147 
0.421983 
0.408870 
0.434125 
0.445143 
0.442296 
0.419730 
0.378133 
0.379385 
0.418257 
0.452706 
0.443715 
0.426756 
0.427528 
0.430734 
0.436645 
0.447740 
0.427857 
0.422708 
0.396302 
0.429925 
0.459277 
0.482971 
0.458668 
0.437564 
0.434385 
0.436874 
0.411136 
0.421169 
0.450457 
0.470048 
0.465879 
0.438953 
0.142931 
0.178113 
0.170588 
0.159824 
0.183546 
0.160117 
0.173849 
0.130080 
0.194230 
0.158520 
0.199553 
0.146196 
0.174551 
0.173028 
0.151795 
0.431031 
0.429625 
0.418672 
0.419450 
0.417761 
0.417643 
0.419632 
0.420010 
0.401049 
0.420591 
0.405862 
0.401978 
0.387918 
0.423294 
0.439734 
0.435390 
0.423720 
0.424947 
0.449552 
0.455041 
0.457825 
0.444383 
0.447054 
0.424630 
0.422911 
0.429728 
0.455661 
0.444316 
0.412842 
0.380007 
0.435619 
0.432490 
0.419415 
0.410457 
0.389634 
0.399298 
0.410028 
0.426337 
0.418517 
0.417949 
0.424939 
0.427903 
0.459849 
0.471972 
0.461357 
0.442682 
0.419007 
0.444127 
0.465279 
0.485786 
0.468925 
0.454706 
0.440678 
0.421005 
0.396833 
0.421682 
0.450890 
0.462673 
0.440082 
0.425398 
0.138025 
0.167869 
0.172260 
0.154284 
0.183306 
0.163838 
0.167559 
0.151316 
0.197054 
0.144962 
0.200000 
0.140094 
0.190517 
0.157208 
0.140368 
0.432671 
0.423720 
0.394368 
0.407034 
0.422474 
0.454744 
0.438773 
0.453126 
0.407215 
0.430448 
0.412965 
0.411903 
0.394352 
0.420605 
0.452306 
0.444782 
0.413995 
0.417074 
0.434034 
0.443956 
0.457684 
0.424757 
0.422232 
0.395452 
0.440507 
0.445027 
0.461295 
0.435230 
0.419331 
0.394361 
0.425729 
0.447331 
0.438576 
0.441334 
0.416272 
0.418534 
0.407651 
0.404479 
0.409101 
0.400660 
0.390432 
0.383820 
0.431760 
0.449471 
0.439052 
0.411926 
0.411231 
0.434710 
0.473208 
0.491723 
0.499765 
0.482111 
0.468013 
0.432543 
0.401881 
0.417044 
0.437777 
0.441872 
0.436956 
0.432883 
0.126432 
0.163814 
0.152582 
0.160396 
0.191396 
0.154806 
0.157228 
0.171098 
0.180098 
0.159382 
0.178836 
0.146435 
0.167893 
0.141020 
0.137469 
0.418729 
0.412920 
0.397011 
0.407074 
0.429224 
0.410212 
0.390125 
0.420851 
0.432625 
0.454804 
0.425467 
0.399319 
0.380627 
0.393991 
0.416628 
0.439454 
0.431857 
0.449668 
0.441972 
0.448353 
0.465766 
0.434565 
0.430482 
0.382136 
0.414934 
0.430152 
0.439793 
0.418638 
0.403738 
0.404163 
0.411927 
0.425006 
0.424760 
0.422666 
0.413061 
0.398926 
0.393223 
0.394101 
0.398734 
0.380590 
0.370763 
0.379625 
0.405022 
0.422736 
0.415871 
0.425669 
0.427380 
0.441233 
0.451650 
0.459761 
0.474332 
0.457104 
0.448438 
0.419607 
0.432627 
0.445048 
0.453963 
0.449044 
0.467494 
0.463258 
0.114735 
0.157228 
0.137073 
0.129856 
0.189893 
0.167346 
0.147859 
0.161792 
0.172932 
0.154431 
0.134479 
0.153427 
0.156984 
0.139438 
0.141937 
0.405912 
0.430212 
0.417713 
0.432288 
0.420191 
0.400089 
0.393658 
0.427194 
0.446194 
0.469444 
0.469147 
0.443384 
0.417484 
0.394288 
0.397442 
0.406753 
0.409709 
0.432968 
0.429930 
0.414723 
0.427441 
0.413407 
0.436865 
0.426382 
0.440653 
0.448108 
0.423659 
0.403945 
0.403548 
0.429891 
0.400911 
0.422641 
0.425567 
0.420008 
0.395226 
0.366795 
0.389942 
0.403490 
0.426616 
0.396248 
0.381312 
0.381153 
0.391665 
0.402673 
0.396246 
0.404666 
0.399528 
0.417017 
0.414459 
0.439381 
0.456080 
0.463932 
0.456967 
0.434653 
0.438083 
0.448153 
0.464630 
0.476977 
0.486176 
0.452817 
0.124941 
0.145446 
0.143028 
0.145852 
0.185027 
0.155830 
0.143528 
0.153662 
0.181039 
0.146844 
0.122619 
0.170750 
0.163268 
0.135716 
0.157533 
0.398879 
0.444666 
0.443475 
0.452595 
0.417895 
0.390880 
0.389521 
0.407105 
0.424623 
0.446001 
0.458700 
0.434559 
0.419449 
0.394905 
0.391563 
0.394376 
0.415128 
0.430835 
0.432593 
0.398167 
0.422601 
0.417665 
0.456243 
0.444011 
0.444837 
0.441548 
0.423752 
0.409974 
0.407991 
0.421925 
0.410692 
0.395950 
0.398657 
0.437065 
0.427623 
0.404151 
0.411922 
0.405562 
0.412337 
0.394108 
0.411242 
0.402437 
0.401851 
0.401989 
0.407098 
0.413999 
0.398293 
0.407204 
0.396608 
0.404478 
0.414221 
0.443474 
0.463937 
0.447522 
0.445151 
0.451891 
0.445315 
0.463669 
0.468580 
0.466115 
0.136925 
0.144160 
0.179258 
0.149741 
0.181463 
0.153109 
0.135782 
0.122948 
0.176776 
0.128646 
0.153440 
0.159130 
0.162025 
0.136176 
0.170299 
0.408042 
0.454918 
0.453663 
0.439542 
0.409859 
0.402009 
0.419105 
0.430124 
0.422663 
0.426648 
0.423262 
0.420048 
0.416785 
0.409302 
0.408917 
0.405742 
0.405640 
0.412585 
0.411747 
0.400847 
0.415174 
0.414626 
0.448129 
0.447510 
0.447809 
0.429130 
0.425362 
0.440820 
0.446581 
0.446863 
0.404542 
0.399838 
0.407225 
0.457867 
0.444440 
0.413675 
0.405096 
0.393655 
0.410186 
0.396530 
0.408149 
0.390822 
0.390928 
0.395823 
0.413126 
0.418162 
0.415263 
0.412219 
0.395584 
0.384035 
0.404453 
0.451735 
0.479122 
0.461027 
0.444934 
0.431200 
0.403506 
0.405837 
0.406228 
0.417886 
0.138785 
0.185058 
0.200000 
0.171714 
0.165950 
0.126405 
0.129007 
0.121603 
0.144230 
0.123376 
0.165566 
0.173633 
0.173057 
0.138368 
0.182186 
0.386694 
0.413972 
0.441131 
0.440380 
0.430450 
0.413372 
0.443314 
0.460136 
0.447452 
0.399337 
0.386888 
0.387380 
0.418185 
0.423656 
0.417100 
0.415245 
0.431924 
0.459883 
0.450535 
0.426687 
0.434265 
0.432361 
0.452742 
0.433434 
0.432102 
0.405283 
0.403261 
0.428141 
0.460659 
0.486633 
0.401320 
0.395210 
0.409506 
0.466832 
0.463027 
0.443006 
0.430020 
0.396812 
0.403268 
0.396206 
0.414647 
0.385239 
0.375169 
0.384521 
0.401019 
0.414960 
0.438950 
0.441682 
0.431877 
0.399002 
0.407384 
0.431628 
0.455886 
0.449124 
0.449424 
0.419839 
0.392085 
0.371126 
0.392782 
0.416473 
0.142898 
0.179859 
0.194919 
0.158085 
0.184812 
0.135007 
0.132939 
0.101509 
0.135016 
0.105031 
0.178727 
0.167545 
0.158998 
0.161358 
0.180783 
0.389990 
0.409651 
0.441932 
0.438502 
0.439282 
0.415325 
0.457551 
0.478750 
0.463448 
0.406020 
0.379788 
0.396567 
0.423056 
0.427758 
0.412494 
0.408006 
0.430689 
0.469498 
0.461945 
0.434056 
0.414066 
0.414979 
0.418724 
0.401205 
0.389450 
0.374073 
0.370900 
0.398352 
0.448985 
0.494987 
0.393991 
0.417235 
0.442116 
0.445437 
0.434752 
0.398731 
0.401511 
0.389489 
0.416419 
0.405918 
0.402376 
0.392404 
0.382456 
0.405497 
0.396040 
0.410331 
0.434416 
0.442309 
0.425734 
0.411002 
0.421629 
0.432164 
0.434062 
0.435146 
0.461118 
0.422337 
0.407573 
0.374906 
0.406214 
0.426246 
0.150157 
0.180979 
0.157971 
0.140648 
0.196984 
0.131063 
0.164283 
0.117316 
0.140095 
0.110664 
0.181999 
0.158803 
0.163742 
0.179114 
0.151816 
0.390738 
0.392130 
0.426456 
0.427258 
0.427090 
0.424712 
0.450256 
0.467476 
0.448721 
0.412647 
0.395948 
0.405079 
0.415257 
0.419989 
0.406493 
0.410720 
0.415366 
0.456121 
0.447842 
0.426873 
0.404605 
0.395253 
0.390763 
0.372428 
0.392889 
0.401346 
0.395205 
0.389516 
0.423954 
0.473984 
0.438003 
0.434341 
0.441604 
0.417637 
0.422111 
0.397905 
0.405004 
0.391105 
0.405565 
0.407778 
0.402976 
0.390022 
0.363540 
0.401001 
0.385041 
0.395160 
0.409287 
0.439281 
0.435941 
0.412977 
0.401729 
0.409266 
0.412259 
0.401546 
0.434757 
0.410406 
0.437196 
0.397737 
0.439747 
0.427403 
0.155986 
0.152917 
0.138978 
0.100000 
0.187930 
0.155030 
0.193451 
0.119327 
0.145511 
0.132070 
0.166784 
0.167463 
0.167085 
0.167670 
0.162976 
0.424808 
0.414645 
0.426930 
0.405485 
0.431620 
0.434332 
0.448753 
0.425555 
0.402398 
0.396613 
0.381441 
0.392158 
0.398654 
0.417595 
0.413798 
0.400915 
0.395843 
0.424773 
0.425294 
0.389908 
0.377648 
0.365609 
0.378221 
0.346076 
0.385100 
0.417873 
0.421557 
0.410541 
0.403583 
0.430653 
0.435271 
0.426358 
0.420097 
0.397036 
0.417568 
0.399772 
0.394731 
0.399463 
0.413168 
0.409407 
0.388332 
0.393419 
0.377419 
0.412953 
0.397066 
0.396099 
0.376804 
0.408152 
0.423019 
0.421643 
0.410918 
0.415620 
0.416032 
0.398170 
0.418723 
0.406148 
0.424938 
0.394017 
0.430291 
0.433252 
0.145711 
0.175039 
0.129468 
0.118788 
0.171438 
0.148936 
0.190404 
0.150683 
0.134655 
0.155751 
0.152073 
0.168264 
0.151517 
0.158004 
0.148952 
0.440952 
0.415170 
0.430167 
0.412573 
0.427598 
0.425870 
0.419603 
0.400466 
0.390445 
0.398310 
0.403799 
0.398688 
0.404759 
0.421508 
0.424303 
0.403364 
0.404356 
0.427330 
0.449501 
0.405883 
0.407485 
0.387806 
0.410868 
0.382736 
0.418714 
0.452120 
0.463412 
0.439584 
0.407011 
0.412120 
0.423387 
0.395062 
0.387445 
0.398757 
0.433638 
0.425203 
0.396839 
0.404659 
0.414432 
0.436760 
0.407089 
0.398659 
0.364491 
0.398880 
0.400354 
0.404855 
0.383680 
0.402249 
0.423736 
0.419113 
0.403441 
0.391678 
0.393398 
0.393263 
0.413590 
0.424313 
0.431682 
0.410071 
0.415764 
0.410022 
0.163844 
0.169659 
0.166002 
0.135737 
0.162706 
0.127188 
0.175660 
0.144873 
0.164099 
0.143146 
0.142522 
0.168235 
0.144721 
0.138931 
0.164023 
0.415264 
0.408555 
0.435461 
0.435728 
0.446820 
0.423065 
0.404452 
0.380829 
0.391489 
0.403478 
0.402790 
0.401981 
0.422755 
0.447726 
0.432533 
0.394648 
0.408195 
0.432338 
0.460907 
0.393166 
0.394401 
0.391540 
0.435471 
0.424964 
0.432129 
0.453823 
0.467107 
0.450884 
0.405174 
0.381133 
0.392947 
0.388934 
0.403099 
0.426352 
0.445052 
0.444946 
0.403803 
0.415649 
0.411333 
0.446334 
0.423630 
0.419760 
0.400595 
0.415315 
0.411660 
0.395245 
0.382760 
0.404058 
0.431734 
0.433345 
0.420160 
0.390110 
0.392895 
0.394056 
0.421177 
0.430145 
0.442165 
0.441477 
0.422861 
0.438481 
0.145299 
0.161406 
0.176268 
0.162737 
0.167104 
0.128900 
0.182873 
0.177917 
0.184402 
0.117024 
0.170240 
0.129525 
0.126717 
0.129810 
0.144298 
0.386119 
0.389758 
0.407993 
0.421143 
0.415833 
0.408071 
0.403508 
0.407884 
0.420974 
0.416832 
0.407899 
0.406937 
0.424553 
0.459477 
0.444591 
0.425810 
0.422841 
0.441236 
0.438512 
0.405812 
0.418270 
0.452057 
0.467056 
0.460680 
0.440974 
0.440258 
0.459570 
0.441639 
0.418114 
0.375999 
0.411826 
0.429062 
0.463720 
0.462362 
0.446075 
0.437363 
0.412793 
0.419351 
0.402755 
0.441665 
0.427808 
0.419117 
0.427651 
0.440723 
0.435999 
0.377534 
0.380462 
0.386528 
0.428818 
0.418785 
0.415196 
0.376732 
0.402020 
0.403983 
0.439644 
0.428873 
0.448232 
0.438356 
0.438614 
0.444207 
0.143095 
0.150994 
0.174883 
0.152239 
0.180036 
0.146283 
0.169745 
0.161218 
0.161755 
0.108575 
0.183142 
0.100000 
0.145461 
0.120202 
0.164700 
0.398810 
0.397131 
0.411545 
0.424396 
0.433371 
0.411971 
0.428014 
0.430410 
0.432727 
0.398040 
0.378070 
0.386024 
0.401888 
0.434881 
0.434183 
0.439226 
0.434811 
0.452167 
0.432344 
0.414604 
0.410125 
0.457856 
0.457387 
0.455000 
0.426333 
0.429260 
0.444011 
0.446452 
0.435679 
0.402845 
0.446561 
0.468828 
0.476736 
0.463765 
0.422027 
0.419546 
0.408201 
0.418469 
0.415263 
0.434530 
0.424278 
0.419256 
0.450235 
0.445509 
0.430436 
0.365706 
0.382373 
0.413596 
0.459147 
0.437242 
0.410679 
0.374012 
0.406693 
0.410366 
0.451176 
0.433968 
0.456269 
0.443833 
0.449210 
0.449359 
0.129530 
0.155160 
0.169315 
0.154294 
0.169169 
0.176535 
0.197348 
0.178905 
0.106282 
0.112240 
0.184464 
0.116184 
0.123616 
0.132546 
0.158605 
0.400015 
0.377628 
0.386829 
0.402280 
0.425538 
0.420550 
0.457885 
0.458564 
0.427325 
0.384477 
0.389250 
0.424922 
0.413407 
0.419983 
0.424606 
0.452441 
0.442141 
0.446063 
0.422942 
0.423409 
0.431856 
0.487301 
0.470881 
0.453153 
0.421356 
0.442733 
0.447081 
0.438798 
0.426811 
0.414762 
0.462851 
0.467950 
0.466268 
0.453207 
0.421146 
0.408153 
0.407175 
0.415333 
0.421669 
0.431519 
0.416956 
0.413799 
0.419939 
0.411664 
0.391373 
0.374479 
0.376867 
0.402857 
0.435440 
0.432053 
0.395424 
0.361180 
0.400996 
0.416983 
0.451839 
0.448902 
0.453292 
0.427937 
0.429515 
0.429060 
0.144776 
0.155225 
0.166292 
0.125265 
0.169367 
0.179545 
0.163578 
0.160745 
0.118201 
0.125170 
0.184618 
0.150884 
0.105106 
0.123795 
0.167455 
0.415593 
0.379842 
0.400432 
0.419980 
0.435526 
0.433427 
0.454481 
0.444267 
0.412788 
0.387199 
0.408988 
0.430566 
0.419599 
0.406116 
0.421921 
0.447053 
0.444880 
0.442886 
0.440016 
0.436320 
0.424092 
0.448689 
0.452295 
0.453704 
0.445101 
0.462971 
0.445565 
0.435532 
0.420963 
0.426560 
0.454219 
0.445003 
0.439432 
0.423000 
0.393030 
0.388520 
0.396392 
0.404486 
0.396538 
0.409348 
0.420298 
0.426209 
0.407577 
0.389679 
0.387372 
0.417440 
0.411484 
0.425011 
0.436635 
0.435089 
0.395224 
0.373486 
0.406797 
0.445209 
0.469916 
0.466690 
0.454760 
0.429749 
0.413371 
0.401232 
0.142040 
0.144447 
0.192693 
0.108701 
0.156580 
0.182341 
0.170776 
0.163610 
0.154268 
0.148501 
0.164522 
0.178967 
0.100480 
0.110773 
0.151317 
0.405011 
0.376277 
0.392890 
0.417795 
0.427320 
0.437404 
0.432167 
0.414323 
0.405636 
0.409629 
0.427275 
0.427487 
0.417144 
0.412272 
0.404583 
0.421828 
0.411944 
0.414826 
0.408735 
0.428678 
0.426486 
0.463495 
0.466095 
0.464007 
0.442736 
0.447427 
0.431884 
0.426976 
0.430021 
0.458419 
0.419414 
0.427717 
0.451526 
0.458254 
0.427465 
0.417355 
0.393341 
0.410934 
0.390811 
0.413823 
0.408131 
0.409238 
0.393304 
0.390911 
0.404009 
0.417174 
0.407133 
0.399233 
0.430316 
0.445755 
0.416942 
0.383625 
0.405679 
0.438060 
0.439711 
0.404733 
0.391407 
0.358443 
0.374738 
0.376573 
0.120985 
0.155196 
0.173991 
0.105149 
0.158151 
0.158130 
0.146930 
0.155619 
0.185506 
0.188393 
0.172488 
0.148941 
0.129408 
0.103411 
0.154470 
0.427692 
0.405743 
0.410134 
0.426567 
0.429930 
0.443911 
0.439534 
0.430660 
0.422661 
0.431570 
0.420126 
0.389908 
0.391642 
0.385643 
0.392964 
0.386532 
0.396375 
0.398415 
0.411512 
0.424578 
0.409891 
0.403524 
0.420977 
0.433447 
0.447868 
0.427930 
0.415922 
0.418420 
0.452366 
0.493679 
0.415884 
0.438612 
0.466610 
0.453099 
0.417695 
0.414567 
0.412480 
0.429165 
0.427756 
0.439700 
0.431545 
0.398811 
0.383678 
0.391461 
0.413722 
0.408433 
0.399678 
0.399825 
0.440568 
0.450254 
0.437840 
0.408503 
0.414336 
0.424852 
0.421964 
0.390219 
0.399717 
0.382461 
0.418354 
0.390370 
0.122717 
0.159791 
0.159339 
0.138417 
0.152565 
0.153343 
0.181357 
0.156519 
0.191194 
0.200000 
0.174978 
0.125471 
0.151834 
0.146488 
0.159348 
0.413136 
0.409886 
0.408707 
0.411151 
0.407913 
0.422845 
0.408707 
0.409916 
0.400456 
0.437049 
0.420034 
0.387982 
0.367299 
0.368102 
0.376081 
0.393990 
0.402249 
0.404555 
0.393438 
0.400573 
0.396951 
0.386408 
0.404376 
0.409859 
0.429400 
0.427790 
0.446191 
0.432587 
0.453052 
0.480307 
0.447828 
0.447471 
0.452027 
0.445911 
0.441706 
0.447611 
0.437863 
0.447699 
0.462811 
0.465828 
0.432117 
0.383194 
0.375288 
0.393094 
0.416199 
0.411853 
0.413233 
0.420307 
0.454889 
0.457756 
0.451935 
0.420296 
0.413230 
0.394065 
0.407241 
0.389412 
0.419265 
0.398008 
0.446107 
0.418499 
0.134603 
0.155209 
0.126926 
0.137607 
0.143784 
0.153466 
0.146323 
0.166852 
0.181564 
0.186391 
0.166819 
0.108031 
0.152080 
0.174086 
0.161659 
0.424623 
0.448378 
0.438262 
0.399287 
0.376307 
0.397386 
0.411709 
0.422828 
0.387560 
0.412796 
0.400830 
0.406621 
0.395343 
0.405831 
0.414154 
0.418766 
0.406121 
0.399003 
0.385267 
0.396376 
0.413672 
0.398640 
0.402712 
0.396652 
0.432680 
0.442345 
0.464941 
0.431302 
0.420264 
0.408909 
0.447101 
0.448110 
0.448260 
0.439787 
0.439418 
0.438141 
0.468747 
0.457797 
0.461768 
0.420012 
0.417744 
0.389219 
0.381715 
0.383674 
0.395771 
0.434773 
0.423966 
0.429039 
0.425189 
0.434824 
0.441571 
0.435859 
0.437942 
0.416256 
0.426431 
0.427564 
0.467344 
0.441894 
0.464738 
0.422755 
0.165044 
0.129604 
0.104459 
0.164171 
0.167541 
0.161994 
0.109980 
0.166005 
0.200000 
0.145811 
0.141955 
0.114610 
0.153402 
0.185580 
0.160797 
0.430001 
0.440088 
0.418680 
0.384667 
0.365658 
0.372567 
0.394381 
0.411276 
0.391304 
0.397914 
0.393477 
0.409859 
0.383543 
0.394624 
0.400643 
0.423518 
0.409002 
0.406266 
0.391015 
0.405781 
0.423550 
0.448033 
0.434920 
0.421553 
0.431882 
0.439198 
0.457400 
0.415605 
0.407906 
0.387515 
0.450360 
0.456403 
0.449235 
0.458561 
0.446414 
0.439286 
0.458037 
0.451330 
0.438784 
0.396382 
0.390322 
0.399486 
0.398063 
0.389538 
0.419778 
0.461233 
0.460769 
0.432102 
0.404800 
0.418039 
0.428024 
0.450382 
0.443182 
0.431281 
0.436200 
0.435975 
0.451878 
0.417220 
0.425988 
0.400412 
0.194896 
0.147991 
0.107298 
0.173011 
0.167110 
0.146712 
0.100455 
0.143821 
0.163255 
0.132145 
0.146164 
0.127241 
0.155524 
0.185305 
0.169846 
0.416868 
0.438558 
0.420496 
0.401955 
0.367718 
0.371232 
0.411147 
0.414722 
0.380494 
0.364780 
0.358020 
0.398607 
0.381629 
0.397138 
0.403883 
0.403687 
0.368485 
0.365101 
0.388322 
0.417740 
0.421847 
0.440468 
0.433852 
0.427838 
0.431096 
0.420515 
0.398723 
0.371341 
0.358035 
0.335379 
0.407231 
0.435027 
0.447138 
0.456418 
0.410419 
0.394330 
0.413766 
0.433898 
0.408579 
0.387779 
0.388127 
0.415383 
0.389461 
0.385086 
0.404823 
0.441252 
0.441098 
0.405873 
0.367641 
0.367559 
0.391982 
0.431038 
0.418143 
0.409023 
0.429514 
0.469598 
0.484911 
0.444873 
0.416450 
0.381719 
0.200000 
0.158278 
0.124264 
0.177382 
0.163613 
0.132437 
0.132164 
0.137771 
0.144359 
0.114148 
0.172151 
0.156883 
0.157652 
0.161394 
0.179503 
0.404906 
0.411460 
0.407770 
0.414376 
0.390961 
0.375499 
0.411192 
0.413107 
0.378600 
0.364151 
0.360953 
0.377522 
0.338895 
0.343809 
0.376112 
0.403903 
0.390442 
0.392076 
0.409436 
0.418614 
0.415882 
0.424283 
0.448050 
0.434644 
0.430359 
0.405170 
0.368998 
0.354358 
0.346125 
0.348445 
0.391657 
0.415587 
0.425964 
0.422884 
0.394568 
0.399537 
0.422495 
0.439102 
0.398385 
0.394920 
0.384340 
0.422489 
0.407806 
0.407844 
0.427231 
0.414906 
0.424268 
0.368079 
0.365707 
0.373958 
0.422928 
0.448536 
0.395157 
0.385239 
0.396816 
0.459833 
0.444648 
0.424266 
0.401246 
0.398663 
0.170579 
0.185440 
0.142619 
0.151908 
0.136000 
0.134923 
0.152986 
0.139029 
0.137561 
0.134848 
0.176855 
0.166166 
0.153748 
0.137159 
0.178300 
0.412124 
0.439347 
0.456806 
0.441282 
0.392543 
0.353705 
0.387908 
0.403439 
0.383936 
0.386430 
0.381641 
0.392442 
0.346454 
0.350340 
0.377282 
0.426497 
0.428671 
0.415611 
0.409608 
0.409903 
0.406599 
0.401418 
0.419326 
0.416104 
0.424188 
0.424016 
0.412304 
0.411145 
0.372282 
0.350936 
0.369753 
0.389518 
0.407481 
0.411995 
0.400230 
0.411908 
0.425901 
0.423246 
0.377991 
0.376578 
0.372478 
0.406107 
0.394789 
0.398314 
0.394105 
0.396029 
0.423121 
0.389013 
0.409351 
0.400910 
0.451466 
0.433140 
0.383677 
0.369097 
0.374950 
0.445715 
0.431894 
0.423620 
0.385847 
0.394157 
0.164174 
0.164205 
0.162713 
0.156818 
0.146932 
0.143194 
0.149199 
0.142465 
0.165650 
0.152022 
0.145083 
0.145656 
0.137211 
0.111601 
0.132497 
0.423805 
0.437003 
0.455022 
0.428432 
0.408538 
0.376751 
0.398466 
0.414036 
0.411360 
0.434865 
0.426989 
0.429304 
0.363668 
0.367496 
0.389052 
0.447486 
0.464652 
0.448454 
0.437436 
0.426268 
0.422612 
0.419609 
0.440744 
0.427853 
0.432461 
0.416072 
0.427051 
0.429757 
0.401727 
0.377947 
0.361379 
0.376823 
0.398017 
0.412816 
0.434169 
0.449459 
0.447490 
0.430562 
0.396121 
0.389237 
0.369208 
0.389839 
0.391680 
0.389140 
0.383049 
0.400300 
0.439060 
0.435749 
0.465407 
0.457296 
0.479928 
0.440124 
0.392989 
0.372643 
0.366379 
0.420884 
0.390403 
0.386354 
0.374278 
0.412580 
0.153384 
0.153822 
0.149448 
0.174719 
0.130805 
0.173681 
0.165592 
0.151024 
0.157601 
0.156754 
0.154266 
0.152859 
0.147243 
0.142929 
0.156826 
0.396906 
0.417284 
0.421962 
0.411918 
0.397661 
0.391530 
0.385685 
0.391401 
0.419204 
0.454280 
0.441972 
0.412804 
0.377012 
0.392554 
0.418624 
0.444336 
0.454959 
0.432140 
0.439898 
0.420169 
0.393242 
0.375299 
0.391553 
0.413917 
0.427560 
0.420025 
0.434252 
0.437376 
0.435209 
0.424083 
0.394743 
0.375353 
0.381291 
0.412291 
0.443712 
0.452571 
0.435651 
0.427193 
0.419815 
0.426602 
0.403581 
0.403166 
0.398690 
0.398337 
0.390082 
0.406066 
0.435597 
0.441646 
0.470823 
0.456757 
0.470365 
0.453820 
0.420717 
0.401803 
0.387082 
0.433346 
0.422913 
0.412565 
0.407644 
0.407305 
0.129644 
0.131199 
0.154288 
0.166570 
0.142812 
0.167896 
0.150568 
0.158931 
0.134897 
0.143669 
0.131689 
0.151156 
0.154634 
0.156178 
0.144755 
0.377672 
0.412732 
0.413309 
0.422258 
0.426039 
0.435470 
0.402853 
0.387416 
0.399517 
0.426869 
0.418474 
0.403265 
0.405710 
0.425336 
0.446654 
0.429766 
0.419832 
0.405189 
0.423012 
0.418237 
0.396816 
0.374722 
0.387635 
0.386624 
0.403279 
0.402694 
0.400080 
0.406591 
0.416781 
0.443481 
0.414816 
0.391712 
0.381043 
0.420178 
0.454754 
0.452244 
0.432781 
0.415157 
0.425506 
0.432752 
0.419839 
0.424381 
0.415290 
0.407372 
0.395267 
0.407614 
0.430676 
0.438526 
0.462910 
0.463954 
0.470267 
0.460711 
0.420319 
0.418677 
0.413692 
0.449884 
0.442410 
0.440072 
0.464504 
0.454179 
0.106205 
0.123829 
0.135092 
0.159218 
0.123712 
0.152839 
0.128152 
0.159407 
0.124952 
0.124790 
0.148130 
0.155903 
0.148570 
0.185711 
0.169292 
0.384032 
0.429673 
0.441691 
0.453351 
0.455194 
0.430717 
0.400899 
0.390864 
0.420128 
0.424350 
0.408533 
0.386399 
0.414409 
0.439861 
0.446465 
0.428784 
0.415147 
0.402705 
0.395055 
0.406279 
0.396291 
0.370269 
0.359823 
0.365313 
0.405477 
0.429801 
0.422911 
0.433724 
0.444345 
0.489909 
0.426124 
0.397712 
0.381377 
0.406677 
0.431534 
0.418076 
0.415384 
0.394514 
0.404705 
0.412682 
0.424385 
0.440027 
0.433931 
0.433894 
0.417812 
0.413130 
0.401908 
0.414984 
0.433459 
0.460743 
0.473435 
0.480908 
0.456810 
0.447547 
0.417435 
0.421452 
0.427358 
0.454018 
0.459438 
0.440411 
0.105524 
0.124519 
0.156091 
0.147913 
0.139674 
0.138420 
0.135450 
0.134931 
0.150409 
0.132049 
0.141527 
0.157599 
0.133939 
0.179184 
0.138513 
0.429575 
0.455050 
0.468011 
0.454284 
0.440532 
0.403638 
0.389381 
0.395532 
0.412206 
0.423418 
0.403941 
0.407939 
0.409021 
0.437471 
0.446755 
0.461532 
0.447310 
0.409869 
0.369909 
0.396300 
0.407930 
0.391260 
0.347555 
0.360399 
0.395065 
0.416431 
0.407781 
0.420541 
0.426246 
0.443416 
0.385174 
0.393492 
0.395186 
0.403712 
0.424185 
0.413745 
0.414357 
0.385899 
0.383676 
0.398972 
0.413604 
0.430876 
0.426394 
0.445469 
0.452351 
0.456539 
0.431114 
0.431398 
0.422076 
0.444067 
0.442990 
0.445562 
0.430460 
0.427415 
0.409627 
0.420122 
0.420820 
0.437544 
0.433153 
0.429989 
0.159624 
0.143893 
0.169350 
0.132014 
0.131468 
0.145698 
0.169970 
0.104147 
0.163262 
0.136680 
0.177404 
0.166415 
0.119729 
0.169543 
0.175216 
0.411379 
0.432773 
0.456205 
0.428138 
0.407021 
0.386275 
0.382483 
0.415424 
0.422286 
0.421250 
0.382988 
0.388830 
0.397957 
0.427702 
0.459624 
0.481129 
0.473867 
0.411858 
0.364383 
0.386990 
0.414942 
0.407351 
0.358757 
0.367912 
0.398680 
0.420974 
0.424505 
0.439168 
0.453582 
0.465668 
0.371634 
0.389677 
0.406180 
0.402430 
0.401005 
0.395842 
0.410952 
0.406072 
0.393820 
0.395807 
0.404801 
0.412565 
0.421283 
0.459519 
0.474152 
0.463931 
0.415494 
0.414240 
0.403527 
0.422627 
0.442188 
0.468242 
0.474336 
0.454305 
0.419327 
0.410928 
0.401824 
0.420155 
0.402449 
0.402970 
0.164008 
0.145666 
0.177258 
0.121661 
0.156859 
0.150209 
0.200000 
0.108088 
0.162141 
0.137386 
0.173507 
0.187960 
0.125600 
0.149859 
0.155398 
0.423964 
0.432432 
0.423937 
0.385640 
0.363161 
0.386825 
0.402259 
0.434257 
0.409225 
0.393361 
0.374891 
0.389568 
0.412093 
0.418214 
0.467136 
0.480562 
0.484023 
0.399099 
0.352401 
0.383574 
0.431435 
0.411106 
0.362378 
0.364789 
0.406382 
0.419849 
0.418805 
0.423239 
0.441158 
0.455801 
0.376457 
0.408812 
0.417015 
0.418727 
0.397357 
0.419882 
0.425351 
0.412368 
0.389375 
0.392773 
0.400337 
0.385157 
0.400664 
0.432998 
0.465401 
0.459589 
0.432342 
0.391890 
0.383981 
0.401516 
0.440481 
0.457926 
0.462480 
0.467064 
0.454493 
0.443534 
0.429109 
0.428769 
0.426772 
0.407515 
0.178743 
0.158919 
0.180003 
0.124525 
0.141833 
0.151812 
0.180307 
0.157837 
0.160611 
0.141099 
0.168747 
0.180056 
0.150205 
0.172058 
0.150533 
0.397252 
0.426353 
0.406251 
0.387637 
0.378397 
0.434522 
0.435386 
0.443138 
0.399115 
0.380503 
0.380261 
0.405636 
0.435800 
0.421027 
0.446261 
0.457448 
0.465743 
0.394409 
0.357435 
0.391248 
0.451011 
0.417703 
0.385866 
0.357523 
0.422545 
0.433622 
0.409681 
0.412216 
0.416713 
0.458835 
0.416076 
0.426734 
0.419518 
0.428531 
0.404388 
0.435754 
0.443866 
0.432298 
0.402379 
0.388925 
0.412810 
0.392775 
0.404596 
0.409293 
0.423990 
0.434631 
0.411708 
0.389958 
0.383025 
0.400977 
0.454034 
0.465417 
0.472962 
0.456109 
0.446479 
0.434169 
0.420442 
0.426829 
0.430093 
0.413741 
0.167066 
0.130634 
0.152013 
0.131959 
0.145979 
0.157348 
0.162081 
0.163327 
0.148468 
0.135660 
0.142537 
0.177424 
0.165637 
0.168345 
0.130154 
0.397107 
0.417967 
0.396058 
0.404743 
0.406324 
0.449070 
0.439941 
0.422656 
0.383916 
0.381857 
0.403542 
0.400728 
0.402070 
0.374876 
0.418171 
0.435069 
0.449932 
0.389417 
0.379778 
0.411836 
0.455419 
0.417024 
0.383211 
0.364786 
0.431252 
0.443396 
0.417528 
0.393801 
0.393041 
0.428350 
0.429603 
0.427263 
0.407143 
0.431680 
0.432065 
0.477280 
0.474445 
0.450546 
0.416709 
0.399185 
0.431336 
0.409400 
0.423526 
0.405785 
0.416769 
0.436137 
0.411007 
0.388876 
0.377079 
0.400838 
0.448025 
0.448713 
0.440524 
0.416127 
0.403695 
0.416337 
0.408416 
0.410710 
0.423239 
0.407244 
0.171730 
0.120861 
0.141296 
0.118471 
0.135980 
0.165201 
0.159404 
0.136542 
0.142006 
0.135617 
0.129061 
0.160830 
0.174515 
0.157045 
0.150918 
0.357336 
0.379245 
0.396165 
0.439228 
0.447500 
0.453661 
0.421783 
0.408104 
0.375075 
0.385935 
0.399811 
0.383593 
0.362962 
0.333886 
0.404587 
0.420807 
0.436906 
0.388330 
0.409205 
0.429500 
0.442106 
0.415464 
0.378490 
0.368785 
0.424013 
0.452826 
0.438852 
0.406743 
0.403904 
0.430261 
